$SPEC_ID:
No sample description was entered.
$SPEC_REM:
DET# 1
DETDESC# PHYD852-1 MCB 130
AP# Maestro Version 7.01
$DATE_MEA:
03/16/2020 15:25:42
$MEAS_TIM:
600 601
$DATA:
0 511
       0
       0
       0
       0
       0
       0
       0
       0
       0
       1
    1140
    1297
    1293
    1389
    1565
    1970
    2229
    2280
    2103
    1938
    1886
    1847
    1710
    1710
    1696
    1727
    1773
    1887
    1805
    1831
    1916
    1812
    1917
    1899
    1872
    1972
    2011
    2041
    1963
    2076
    2026
    2022
    2086
    2103
    2191
    2221
    2280
    2333
    2394
    2155
    2044
    1806
    1736
    1513
    1388
    1323
    1328
    1220
    1264
    1207
    1165
    1201
    1227
    1215
    1132
    1140
    1152
    1191
    1174
    1152
    1145
    1118
    1140
    1153
    1147
    1122
    1118
    1086
    1065
    1090
    1031
    1077
    1104
    1041
    1050
    1057
    1025
    1033
     956
     955
     931
     950
     921
     903
     922
     886
     877
     844
     929
     911
     857
     886
     887
     833
     881
     864
     865
     856
     805
     850
     842
     864
     856
     870
     844
     860
     912
     883
     808
     878
     849
     876
     885
     838
     914
     977
     995
    1015
    1161
    1149
    1262
    1268
    1323
    1300
    1361
    1325
    1285
    1197
    1053
     936
     815
     684
     648
     574
     526
     491
     491
     437
     454
     439
     443
     442
     478
     429
     408
     425
     423
     390
     447
     424
     404
     440
     389
     420
     416
     429
     417
     448
     399
     388
     419
     422
     396
     399
     434
     411
     338
     376
     382
     369
     380
     360
     349
     384
     348
     342
     344
     368
     312
     319
     352
     307
     281
     291
     307
     288
     288
     301
     257
     274
     261
     266
     298
     280
     258
     252
     260
     250
     245
     247
     257
     267
     261
     290
     247
     257
     279
     291
     303
     352
     312
     352
     357
     427
     414
     441
     393
     438
     444
     461
     407
     411
     411
     363
     305
     330
     287
     278
     234
     212
     214
     188
     187
     173
     175
     205
     206
     185
     214
     238
     270
     242
     254
     338
     341
     301
     310
     335
     402
     324
     308
     313
     316
     269
     251
     217
     211
     176
     161
     150
     112
      76
      93
      78
      63
      37
      31
      27
      13
      23
      20
      13
       8
       7
       9
       6
      10
       9
       5
      10
      13
       6
       8
       5
       9
       7
       5
       9
       8
       9
       3
       8
       3
       4
       7
       3
       4
       1
       3
       7
       1
       3
       2
       6
       5
       4
       5
       6
       5
       3
       5
       4
       5
      11
       5
       1
       2
       2
       1
       7
       6
       2
       5
       2
      11
       4
       8
       2
       6
       6
       3
       4
       3
       4
       7
       5
       3
       7
       3
       6
       2
       6
       4
       6
       2
       6
       1
       2
       6
       1
       5
       3
       1
       6
       3
       1
       1
       5
       1
       4
       7
       4
       1
       3
       1
       3
       1
       0
       0
       6
       1
       5
       1
       5
       2
       3
       1
       2
       0
       2
       4
       3
       2
       3
       1
       2
       2
       3
       4
       1
       2
       2
       6
       2
       2
       3
       0
       2
       1
       3
       2
       1
       5
       3
       0
       1
       4
       2
       1
       3
       5
       1
       1
       0
       4
       1
       2
       0
       3
       2
       1
       2
       0
       3
       1
       4
       1
       0
       0
       3
       1
       0
       1
       2
       2
       1
       1
       2
       0
       2
       1
       0
       0
       1
       0
       0
       0
       1
       2
       0
       1
       0
       0
       1
       3
       2
       0
       1
       0
       0
       2
       1
       0
       0
       1
       3
       0
       0
       2
       1
       0
       1
       0
       0
       0
       0
       0
       0
       2
       1
       1
       0
       1
       1
       2
       0
       1
       0
       1
       0
       0
       0
       0
       0
       0
       0
       0
       0
       0
       0
       0
       0
$ROI:
0
$PRESETS:
Live Time
600
0
$ENER_FIT:
0.000000 0.000000
$MCA_CAL:
3
0.000000E+000 0.000000E+000 0.000000E+000 
$SHAPE_CAL:
3
0.000000E+000 0.000000E+000 0.000000E+000
