$SPEC_ID:
No sample description was entered.
$SPEC_REM:
DET# 1
DETDESC# PHYD852-1 MCB 130
AP# Maestro Version 7.01
$DATE_MEA:
03/16/2020 13:16:52
$MEAS_TIM:
300 301
$DATA:
0 511
       0
       0
       0
       0
       0
       0
       0
       0
       0
       1
     811
     886
     827
     945
    1059
    1334
    1605
    1697
    1456
    1293
    1259
    1127
    1129
    1073
    1141
    1124
    1123
    1149
    1160
    1072
    1077
    1079
    1129
    1047
    1108
    1084
    1139
    1130
    1125
    1218
    1113
    1127
    1080
    1143
    1098
    1119
    1062
    1013
     999
    1013
     985
    1037
     996
     945
     981
     938
     883
     909
     869
     924
     864
     888
     855
     839
     852
     855
     819
     844
     783
     810
     759
     775
     763
     712
     753
     727
     790
     730
     712
     688
     659
     692
     646
     654
     638
     663
     649
     667
     668
     687
     734
     681
     763
     774
     821
     829
     820
     831
     932
     875
     898
     936
     978
     969
    1038
    1045
    1012
    1074
    1041
    1042
     985
    1120
    1012
     938
     988
     919
     941
     886
     871
     846
     796
     731
     751
     744
     687
     734
     714
     715
     737
     719
     774
     789
     769
     750
     733
     613
     595
     531
     484
     426
     368
     313
     271
     290
     242
     251
     222
     214
     231
     193
     230
     190
     229
     220
     215
     204
     232
     220
     198
     206
     208
     220
     220
     219
     210
     184
     183
     221
     203
     212
     231
     224
     197
     189
     231
     217
     210
     195
     189
     187
     164
     192
     171
     196
     164
     181
     162
     169
     148
     143
     165
     148
     149
     143
     138
     158
     137
     133
     140
     160
     138
     136
     130
     159
     138
     135
     170
     130
     134
     141
     132
     108
     131
     114
     124
     143
     173
     160
     149
     156
     180
     171
     177
     181
     230
     207
     217
     217
     202
     228
     227
     234
     185
     210
     167
     172
     145
     135
     117
     127
     115
      93
      79
      87
      89
      98
      91
      94
     104
     126
     122
     130
     141
     152
     161
     163
     178
     150
     182
     149
     179
     175
     145
     136
     138
     132
     106
      98
      72
      73
      81
      45
      37
      38
      28
      21
      13
      15
      15
      12
       7
      13
       4
       5
       7
       2
       3
       8
      11
       2
       1
       4
       5
       3
       3
       1
       6
       3
       4
       4
       0
       5
       2
       1
       1
       1
       3
       1
       3
       4
       3
       5
       0
       1
       3
       4
       1
       1
       2
       3
       4
       0
       4
       2
       5
       1
       1
       0
       2
       5
       2
       5
       4
       1
       0
       0
       3
       1
       3
       2
       2
       4
       2
       0
       1
       2
       3
       3
       0
       3
       1
       2
       1
       3
       2
       6
       4
       0
       4
       1
       2
       2
       0
       1
       3
       0
       2
       0
       2
       1
       1
       0
       1
       1
       1
       1
       1
       0
       2
       1
       1
       0
       3
       1
       1
       1
       0
       2
       0
       0
       1
       0
       0
       0
       0
       0
       1
       0
       0
       0
       2
       2
       0
       1
       0
       2
       0
       0
       1
       0
       0
       2
       1
       0
       2
       0
       2
       3
       0
       1
       2
       1
       1
       1
       1
       1
       1
       1
       1
       0
       1
       1
       0
       0
       0
       0
       0
       1
       0
       0
       1
       0
       0
       0
       0
       0
       0
       0
       1
       2
       0
       2
       0
       0
       0
       0
       1
       1
       1
       0
       0
       1
       0
       0
       0
       0
       0
       0
       1
       1
       1
       0
       0
       0
       1
       0
       0
       1
       0
       1
       0
       1
       1
       0
       0
       0
       0
       0
       0
       1
       0
       1
       0
       1
       0
       1
       0
       0
       1
       1
       0
       0
       1
       0
       0
       0
       0
       0
       0
       0
       0
       0
$ROI:
0
$PRESETS:
Live Time
300
0
$ENER_FIT:
0.000000 0.000000
$MCA_CAL:
3
0.000000E+000 0.000000E+000 0.000000E+000 
$SHAPE_CAL:
3
0.000000E+000 0.000000E+000 0.000000E+000
