$SPEC_ID:
No sample description was entered.
$SPEC_REM:
DET# 1
DETDESC# PHYD852-1 MCB 130
AP# Maestro Version 7.01
$DATE_MEA:
03/16/2020 13:48:59
$MEAS_TIM:
600 601
$DATA:
0 511
       0
       0
       0
       0
       0
       0
       0
       0
       1
       0
    1211
    1359
    1407
    1443
    1666
    2100
    2437
    2549
    2294
    2033
    1941
    1887
    1772
    1698
    1880
    1827
    1890
    1833
    1769
    1829
    1742
    1739
    1762
    1777
    1776
    1769
    1745
    1714
    1814
    1804
    1807
    1805
    1769
    1795
    1746
    1691
    1771
    1627
    1639
    1627
    1588
    1556
    1496
    1470
    1514
    1402
    1419
    1429
    1457
    1362
    1457
    1424
    1380
    1368
    1332
    1327
    1245
    1206
    1216
    1245
    1274
    1215
    1238
    1193
    1209
    1205
    1191
    1199
    1201
    1124
    1168
    1191
    1205
    1187
    1128
    1111
    1174
    1253
    1159
    1155
    1198
    1089
    1226
    1221
    1200
    1248
    1300
    1297
    1389
    1336
    1329
    1406
    1411
    1410
    1331
    1371
    1381
    1279
    1253
    1265
    1206
    1169
    1128
    1092
    1047
    1059
    1012
    1041
    1004
     950
     993
    1046
    1085
    1141
    1210
    1284
    1344
    1478
    1537
    1653
    1715
    1713
    1726
    1757
    1647
    1632
    1488
    1259
    1118
     961
     801
     666
     604
     532
     463
     494
     444
     453
     457
     479
     431
     444
     437
     445
     427
     408
     440
     391
     401
     466
     420
     445
     423
     410
     434
     422
     445
     436
     428
     424
     407
     426
     413
     382
     412
     373
     407
     371
     347
     357
     377
     377
     352
     347
     365
     347
     319
     309
     335
     350
     320
     303
     268
     350
     286
     307
     294
     303
     283
     271
     246
     275
     254
     259
     267
     254
     247
     255
     258
     236
     255
     253
     262
     287
     252
     313
     294
     298
     295
     325
     345
     336
     387
     421
     463
     439
     430
     477
     453
     448
     431
     395
     402
     401
     326
     342
     280
     244
     246
     203
     238
     180
     172
     168
     178
     187
     218
     206
     226
     224
     268
     247
     289
     327
     284
     330
     300
     336
     343
     365
     306
     323
     335
     284
     251
     248
     219
     193
     175
     137
     135
     103
      91
      53
      60
      48
      50
      26
      28
      18
      15
      17
       6
      11
      15
      12
      18
      12
       4
       7
       4
       5
       6
       4
       9
       6
       7
       7
       7
       5
       6
       4
       6
       8
       6
       7
       4
       3
       3
       3
       4
       6
       4
       4
       5
       2
       4
      11
       3
       4
       3
       2
       3
       2
       7
       5
       7
       6
       7
       5
       2
       7
       2
       2
       2
       4
       8
       3
       4
      12
       8
       9
       3
       1
       5
       9
      10
       7
       7
       8
       0
       2
       2
       5
       1
       2
       1
       5
       4
       4
       4
       5
       0
       3
       4
       2
       4
       2
       4
       2
       2
       2
       3
       3
       2
       4
       4
       0
       3
       2
       2
       1
       3
       0
       2
       1
       2
       0
       1
       1
       1
       0
       2
       0
       1
       1
       1
       0
       1
       1
       1
       2
       1
       1
       1
       1
       3
       1
       2
       1
       2
       1
       2
       2
       1
       1
       2
       1
       3
       4
       4
       2
       1
       0
       0
       2
       3
       4
       2
       1
       0
       0
       2
       1
       1
       2
       1
       3
       2
       3
       0
       0
       2
       1
       2
       2
       0
       0
       0
       0
       0
       2
       2
       1
       0
       0
       2
       3
       0
       1
       3
       1
       3
       1
       0
       0
       3
       0
       0
       0
       0
       1
       0
       0
       1
       0
       1
       0
       0
       1
       1
       1
       2
       1
       2
       0
       0
       1
       1
       1
       1
       0
       2
       1
       0
       0
       0
       2
       1
       0
       1
       0
       0
       0
       0
       0
       0
       0
       0
       0
       0
       0
$ROI:
0
$PRESETS:
Live Time
600
0
$ENER_FIT:
0.000000 0.000000
$MCA_CAL:
3
0.000000E+000 0.000000E+000 0.000000E+000 
$SHAPE_CAL:
3
0.000000E+000 0.000000E+000 0.000000E+000
