$SPEC_ID:
No sample description was entered.
$SPEC_REM:
DET# 1
DETDESC# PHYD852-1 MCB 130
AP# Maestro Version 7.01
$DATE_MEA:
03/16/2020 15:03:48
$MEAS_TIM:
600 601
$DATA:
0 511
       0
       0
       0
       0
       0
       0
       0
       0
       0
       0
    1119
    1301
    1266
    1351
    1485
    1857
    2150
    2189
    2036
    1864
    1690
    1659
    1642
    1717
    1668
    1657
    1616
    1651
    1658
    1563
    1608
    1657
    1698
    1647
    1653
    1681
    1661
    1725
    1666
    1794
    1743
    1680
    1723
    1671
    1585
    1644
    1508
    1509
    1496
    1521
    1489
    1430
    1364
    1333
    1237
    1317
    1314
    1171
    1263
    1174
    1199
    1191
    1124
    1218
    1150
    1179
    1148
    1114
    1181
    1172
    1144
    1122
    1120
    1118
    1139
    1133
    1197
    1171
    1200
    1209
    1161
    1179
    1188
    1171
    1187
    1174
    1177
    1086
    1112
    1098
    1111
    1059
    1078
    1023
     973
     981
     905
     896
     945
     891
     967
     934
     915
     874
     923
     858
     885
     902
     880
     905
     833
     862
     886
     855
     906
     922
     893
     838
     935
     892
     973
     970
    1026
    1001
    1030
    1094
    1096
    1225
    1340
    1378
    1474
    1477
    1477
    1573
    1470
    1449
    1343
    1181
    1050
     913
     837
     653
     633
     561
     507
     471
     474
     424
     486
     456
     428
     390
     460
     422
     430
     441
     422
     432
     392
     420
     413
     422
     407
     429
     434
     428
     417
     364
     414
     386
     385
     374
     381
     409
     404
     394
     405
     358
     410
     373
     326
     377
     360
     357
     340
     314
     330
     343
     339
     316
     325
     317
     311
     312
     288
     326
     287
     269
     279
     315
     308
     259
     307
     243
     260
     287
     247
     254
     306
     256
     271
     262
     276
     286
     281
     287
     291
     314
     318
     319
     374
     352
     360
     410
     415
     424
     425
     450
     433
     458
     418
     371
     369
     347
     337
     298
     272
     259
     213
     193
     199
     201
     185
     164
     163
     180
     206
     215
     198
     247
     262
     265
     264
     300
     324
     329
     323
     303
     326
     347
     320
     311
     298
     291
     265
     241
     204
     181
     160
     126
     100
      98
      70
      51
      66
      39
      31
      29
      19
      23
      13
      16
      10
      12
       7
       8
      15
       5
      10
       7
       8
       4
       4
       5
       5
       3
       4
       6
       6
       5
       5
       2
       5
       2
       3
       3
       6
       7
       7
       6
       5
       6
       3
      10
       5
       5
       4
       3
       4
       3
       6
       4
       3
       1
       8
       2
       3
       7
       6
       4
       6
       1
       7
       4
       4
       4
       4
       6
       7
       7
       6
       5
       5
       5
       4
       4
       3
       8
       3
       9
       0
       7
       5
       1
       2
       4
       3
       3
       3
       6
       4
       2
       6
       0
       3
       2
       3
       2
       3
       4
       2
       2
       1
       3
       1
       4
       3
       0
       2
       4
       2
       1
       4
       2
       2
       2
       4
       4
       3
       2
       3
       1
       0
       0
       2
       0
       0
       0
       2
       3
       3
       1
       1
       2
       0
       2
       1
       2
       3
       4
       2
       2
       3
       4
       0
       0
       4
       1
       1
       2
       1
       1
       1
       3
       1
       3
       3
       2
       0
       2
       2
       0
       3
       0
       0
       2
       1
       2
       3
       0
       1
       5
       1
       1
       1
       4
       0
       2
       2
       0
       0
       1
       1
       2
       0
       0
       0
       0
       2
       0
       0
       2
       2
       1
       1
       2
       1
       2
       2
       0
       2
       2
       2
       2
       0
       0
       1
       0
       1
       2
       2
       0
       1
       0
       0
       0
       1
       0
       2
       1
       3
       0
       0
       0
       0
       0
       2
       1
       0
       0
       1
       1
       0
       0
       0
       0
       0
       0
       0
       0
       0
       0
$ROI:
0
$PRESETS:
Live Time
600
0
$ENER_FIT:
0.000000 0.000000
$MCA_CAL:
3
0.000000E+000 0.000000E+000 0.000000E+000 
$SHAPE_CAL:
3
0.000000E+000 0.000000E+000 0.000000E+000
