$SPEC_ID:
No sample description was entered.
$SPEC_REM:
DET# 1
DETDESC# PHYD852-1 MCB 130
AP# Maestro Version 7.01
$DATE_MEA:
03/16/2020 14:47:21
$MEAS_TIM:
600 601
$DATA:
0 511
       0
       0
       0
       0
       0
       0
       0
       0
       0
       1
    1242
    1373
    1377
    1409
    1697
    2112
    2323
    2308
    2199
    1980
    1854
    1684
    1786
    1739
    1818
    1799
    1829
    1897
    1944
    1801
    1994
    1979
    1809
    1832
    1883
    1875
    1863
    1882
    1892
    1932
    1893
    1933
    1790
    1864
    1757
    1737
    1633
    1684
    1753
    1734
    1731
    1803
    1871
    1927
    1932
    1931
    1888
    1893
    1787
    1630
    1536
    1423
    1388
    1341
    1234
    1212
    1236
    1232
    1174
    1116
    1128
    1174
    1169
    1219
    1193
    1148
    1161
    1184
    1260
    1173
    1161
    1173
    1144
    1199
    1188
    1196
    1093
    1180
    1097
    1077
    1060
    1132
    1033
    1003
    1003
     997
     921
     978
     912
     918
     905
     878
     903
     892
     879
     919
     881
     834
     835
     855
     892
     874
     912
     915
     889
     932
     900
     928
     925
     918
     971
     903
     932
     994
     999
    1116
    1094
    1179
    1274
    1362
    1361
    1426
    1543
    1530
    1480
    1392
    1333
    1164
    1064
     984
     778
     736
     590
     558
     531
     500
     458
     478
     430
     452
     430
     437
     411
     468
     433
     449
     462
     401
     401
     454
     408
     392
     410
     428
     442
     426
     419
     402
     427
     382
     429
     385
     366
     384
     403
     365
     405
     352
     384
     403
     371
     413
     358
     368
     339
     355
     328
     307
     302
     307
     339
     336
     326
     327
     302
     301
     308
     312
     285
     290
     280
     258
     276
     271
     263
     247
     261
     271
     278
     243
     262
     240
     261
     238
     265
     295
     311
     332
     349
     328
     368
     360
     371
     384
     413
     432
     425
     440
     445
     433
     419
     406
     380
     355
     366
     323
     263
     245
     242
     196
     217
     199
     200
     168
     206
     155
     212
     193
     206
     222
     242
     238
     265
     273
     310
     337
     309
     338
     327
     339
     334
     317
     321
     258
     243
     212
     211
     181
     179
     121
     102
     102
      76
      61
      53
      44
      39
      27
      30
      23
      17
      16
       9
      12
      13
       8
       9
       7
      10
       8
       5
      10
       9
       5
      10
       5
       4
       5
       7
       4
       3
       5
       8
       7
       6
       5
       6
       3
       6
       5
       4
       3
       3
       5
       5
       0
       6
       1
       6
       4
       5
       3
       4
       1
       3
       3
       5
      10
       3
       3
       6
       4
       4
       4
       7
       4
       8
       3
       4
       8
       3
       4
       5
       6
       2
       7
       6
       5
       1
       3
       3
       0
       3
       5
       4
       4
       5
       6
       3
       2
       4
       1
       1
       1
       4
       2
       4
       4
       1
       4
       3
       0
       2
       3
       1
       3
       0
       2
       0
       2
       2
       2
       2
       2
       2
       0
       4
       3
       0
       3
       3
       1
       1
       1
       3
       1
       3
       0
       4
       0
       4
       0
       2
       1
       1
       1
       1
       3
       4
       1
       1
       5
       1
       1
       1
       1
       1
       3
       4
       2
       0
       4
       1
       2
       1
       0
       3
       3
       2
       2
       3
       2
       2
       3
       0
       0
       3
       1
       2
       1
       0
       0
       0
       3
       0
       0
       2
       3
       0
       0
       0
       1
       1
       2
       1
       0
       0
       1
       1
       0
       2
       1
       0
       1
       1
       1
       1
       0
       3
       1
       1
       1
       0
       1
       1
       1
       0
       1
       0
       1
       0
       0
       0
       0
       2
       1
       0
       0
       1
       0
       0
       0
       1
       0
       3
       0
       3
       0
       1
       0
       0
       1
       0
       0
       0
       0
       0
       0
       0
       0
       0
       0
$ROI:
0
$PRESETS:
Live Time
600
0
$ENER_FIT:
0.000000 0.000000
$MCA_CAL:
3
0.000000E+000 0.000000E+000 0.000000E+000 
$SHAPE_CAL:
3
0.000000E+000 0.000000E+000 0.000000E+000
