$SPEC_ID:
No sample description was entered.
$SPEC_REM:
DET# 1
DETDESC# PHYD852-1 MCB 130
AP# Maestro Version 7.01
$DATE_MEA:
03/16/2020 15:41:11
$MEAS_TIM:
600 601
$DATA:
0 511
       0
       0
       0
       0
       0
       0
       0
       0
       0
       0
    1071
    1239
    1245
    1288
    1509
    1871
    2105
    2107
    1841
    1853
    1695
    1596
    1582
    1616
    1696
    1641
    1628
    1721
    1639
    1636
    1572
    1598
    1645
    1600
    1717
    1703
    1737
    1730
    1810
    1819
    1866
    1733
    1783
    1715
    1607
    1581
    1499
    1549
    1396
    1394
    1376
    1300
    1343
    1257
    1217
    1242
    1188
    1181
    1212
    1153
    1172
    1189
    1115
    1107
    1218
    1165
    1110
    1114
    1133
    1133
    1181
    1207
    1183
    1215
    1097
    1161
    1129
    1013
    1078
    1100
    1054
    1074
     978
    1013
    1071
     993
    1087
     964
     955
     931
    1002
     999
     925
     905
     932
     901
     921
     856
     884
     889
     886
     853
     850
     911
     875
     867
     831
     833
     845
     832
     804
     812
     879
     846
     866
     823
     866
     891
     869
     780
     855
     879
     838
     910
     947
     925
     963
    1004
    1080
    1249
    1217
    1260
    1319
    1397
    1385
    1348
    1207
    1130
    1009
     947
     871
     721
     660
     568
     505
     462
     482
     454
     431
     396
     433
     438
     444
     446
     430
     430
     430
     404
     450
     388
     428
     426
     386
     408
     383
     429
     403
     410
     420
     418
     406
     395
     378
     377
     383
     385
     390
     362
     390
     369
     362
     351
     383
     335
     345
     349
     301
     325
     300
     308
     330
     300
     334
     299
     286
     301
     317
     273
     291
     272
     299
     249
     268
     279
     276
     301
     261
     260
     220
     257
     273
     268
     267
     265
     306
     292
     275
     303
     330
     363
     330
     350
     371
     449
     405
     458
     467
     411
     447
     439
     433
     378
     362
     354
     355
     308
     258
     239
     229
     201
     195
     181
     184
     179
     189
     178
     185
     219
     223
     206
     220
     311
     293
     315
     331
     310
     316
     330
     294
     324
     336
     299
     304
     253
     261
     224
     216
     167
     156
      98
     113
      98
      70
      57
      55
      34
      30
      22
      17
      17
      17
      10
      16
       8
       8
      12
       8
      10
      10
       5
      12
       5
       2
      10
      10
       6
       2
       8
       6
       5
       3
       2
       5
       4
       7
       2
       7
       1
       2
       3
       8
       4
       2
       1
       5
       5
       3
       5
       1
       6
       4
       5
       4
       1
      10
       2
       6
       4
       5
       5
       5
       5
       1
       6
       3
       2
       2
       6
       5
       3
       3
       6
       2
       6
       6
       1
       7
       7
       3
       6
       6
       5
       4
       7
       6
       4
       4
       2
       4
       2
       2
       1
       6
       4
       2
       6
       2
       1
       3
       3
       3
       3
       1
       1
       1
       3
       1
       0
       2
       1
       1
       2
       1
       0
       4
       0
       1
       1
       2
       2
       1
       1
       3
       4
       0
       1
       0
       1
       0
       0
       0
       0
       1
       2
       5
       4
       1
       1
       3
       1
       1
       2
       2
       3
       0
       2
       2
       0
       1
       1
       2
       1
       5
       5
       0
       0
       2
       2
       2
       4
       0
       2
       2
       1
       1
       0
       1
       2
       0
       2
       1
       1
       1
       2
       0
       3
       2
       1
       1
       0
       2
       0
       2
       0
       0
       1
       1
       1
       2
       1
       0
       0
       0
       1
       3
       0
       0
       0
       1
       0
       1
       1
       0
       0
       0
       0
       0
       1
       1
       0
       2
       1
       1
       2
       0
       2
       1
       1
       1
       1
       0
       0
       2
       0
       1
       0
       1
       1
       1
       0
       0
       0
       0
       0
       0
       0
       0
       0
       0
       0
       0
       0
$ROI:
0
$PRESETS:
Live Time
600
0
$ENER_FIT:
0.000000 0.000000
$MCA_CAL:
3
0.000000E+000 0.000000E+000 0.000000E+000 
$SHAPE_CAL:
3
0.000000E+000 0.000000E+000 0.000000E+000
