$SPEC_ID:
No sample description was entered.
$SPEC_REM:
DET# 1
DETDESC# PHYD852-1 MCB 130
AP# Maestro Version 7.01
$DATE_MEA:
03/16/2020 12:30:50
$MEAS_TIM:
300 301
$DATA:
0 511
       0
       0
       0
       0
       0
       0
       0
       0
       0
       2
     990
    1081
    1078
    1126
    1324
    1678
    2078
    2301
    2025
    1803
    1512
    1394
    1297
    1271
    1367
    1451
    1407
    1377
    1384
    1445
    1439
    1431
    1358
    1359
    1347
    1433
    1425
    1455
    1542
    1539
    1578
    1635
    1531
    1590
    1550
    1562
    1458
    1526
    1516
    1342
    1448
    1435
    1394
    1358
    1328
    1298
    1221
    1247
    1182
    1206
    1165
    1146
    1138
    1106
    1084
    1148
    1099
    1099
    1108
    1031
    1061
     948
    1012
    1020
    1033
     977
     973
     953
     966
     960
    1005
     870
     909
     891
     818
     860
     835
     792
     834
     759
     798
     786
     786
     772
     766
     796
     829
     767
     836
     825
     835
     855
     933
     990
    1011
     949
    1043
    1156
    1145
    1169
    1291
    1241
    1318
    1392
    1404
    1372
    1510
    1363
    1408
    1407
    1340
    1304
    1200
    1224
    1159
    1096
    1023
    1098
     961
    1009
     970
     980
     915
     934
     845
     839
     716
     645
     613
     520
     449
     386
     329
     286
     261
     270
     229
     197
     240
     218
     207
     183
     213
     211
     204
     198
     219
     210
     191
     211
     223
     211
     205
     201
     204
     191
     209
     215
     191
     197
     191
     211
     198
     206
     202
     216
     182
     201
     182
     176
     200
     192
     172
     181
     182
     166
     196
     142
     155
     164
     158
     174
     148
     144
     144
     128
     153
     148
     144
     158
     126
     140
     135
     133
     129
     144
     143
     120
     124
     126
     144
     121
     122
     164
     150
     143
     161
     157
     146
     166
     173
     185
     189
     204
     184
     214
     230
     232
     217
     212
     205
     208
     183
     172
     171
     156
     165
     144
     125
     127
     136
      97
      96
      93
      92
      99
     102
      93
     103
     112
     122
     107
     129
     139
     136
     151
     150
     162
     180
     154
     156
     160
     158
     141
     135
     123
     114
     110
      67
      77
      58
      54
      50
      48
      28
      34
      16
      15
      15
      15
      11
      11
       8
       9
       8
       3
       6
       5
       7
       6
       7
       1
       1
       2
       3
       8
       6
       5
       2
       1
       3
       3
       3
       1
       1
       2
       2
       2
       0
       3
       1
       0
       3
       1
       3
       2
       2
       2
       3
       3
       3
       6
       2
       2
       3
       4
       0
       0
       1
       4
       2
       3
       5
       0
       2
       2
       2
       2
       1
       3
       5
       3
       1
       2
       3
       3
       0
       0
       3
       4
       2
       4
       4
       1
       3
       0
       3
       2
       1
       2
       1
       3
       0
       0
       3
       0
       3
       1
       1
       1
       0
       1
       1
       1
       2
       1
       0
       1
       0
       1
       3
       1
       0
       0
       1
       1
       0
       2
       2
       1
       1
       0
       0
       2
       1
       1
       0
       1
       0
       1
       1
       0
       0
       1
       0
       3
       2
       1
       1
       0
       3
       1
       0
       1
       1
       1
       0
       0
       2
       0
       0
       1
       0
       1
       3
       0
       0
       0
       0
       0
       1
       0
       1
       0
       0
       0
       0
       1
       2
       0
       2
       0
       0
       1
       0
       0
       0
       0
       0
       2
       1
       0
       1
       0
       0
       0
       1
       0
       0
       0
       0
       1
       0
       1
       0
       0
       0
       0
       0
       1
       1
       0
       0
       0
       0
       0
       0
       0
       0
       1
       0
       0
       0
       1
       0
       0
       0
       1
       1
       1
       2
       0
       0
       1
       0
       0
       0
       0
       2
       1
       1
       0
       0
       0
       0
       0
       0
       0
       0
       0
       0
       0
$ROI:
0
$PRESETS:
Live Time
300
0
$ENER_FIT:
0.000000 0.000000
$MCA_CAL:
3
0.000000E+000 0.000000E+000 0.000000E+000 
$SHAPE_CAL:
3
0.000000E+000 0.000000E+000 0.000000E+000
