$SPEC_ID:
No sample description was entered.
$SPEC_REM:
DET# 1
DETDESC# PHYD852-1 MCB 130
AP# Maestro Version 7.01
$DATE_MEA:
03/16/2020 12:38:10
$MEAS_TIM:
300 301
$DATA:
0 511
       0
       0
       0
       0
       0
       0
       0
       0
       0
       0
     932
     942
     984
     983
    1169
    1526
    1866
    2129
    1876
    1585
    1445
    1239
    1126
    1164
    1136
    1222
    1208
    1236
    1187
    1242
    1271
    1207
    1210
    1203
    1283
    1292
    1224
    1206
    1258
    1321
    1353
    1398
    1380
    1502
    1381
    1401
    1307
    1298
    1327
    1243
    1285
    1341
    1246
    1202
    1184
    1289
    1199
    1140
    1109
    1058
    1040
    1071
    1020
    1020
    1007
    1030
    1021
     955
    1029
     911
     912
     906
     941
     883
     947
     868
     852
     830
     874
     843
     811
     861
     825
     807
     807
     789
     727
     778
     810
     759
     750
     785
     728
     731
     771
     729
     749
     724
     778
     725
     749
     792
     770
     780
     787
     809
     920
     885
     952
     955
     994
     992
    1073
    1082
    1136
    1071
    1119
    1104
    1090
    1104
    1082
    1102
    1078
    1030
    1022
    1011
     969
     933
     928
     936
    1009
     932
     984
     883
     876
     836
     744
     661
     591
     480
     466
     407
     312
     305
     263
     230
     256
     227
     216
     208
     238
     224
     188
     216
     210
     227
     227
     199
     204
     179
     207
     212
     199
     199
     187
     216
     220
     222
     224
     210
     214
     200
     192
     212
     204
     201
     185
     198
     184
     188
     196
     219
     190
     198
     174
     159
     178
     138
     174
     150
     146
     161
     153
     148
     150
     138
     161
     167
     163
     144
     149
     135
     140
     126
     137
     127
     115
     144
     126
     125
     123
     128
     142
     135
     140
     135
     163
     158
     151
     165
     155
     175
     172
     182
     213
     208
     236
     212
     217
     221
     229
     206
     193
     167
     159
     148
     136
     150
     133
     123
      93
      75
     101
      98
      95
      94
     103
      99
      97
      91
     114
     122
     144
     125
     159
     163
     151
     173
     159
     166
     158
     155
     159
     148
     136
     130
     129
      77
      94
      89
      67
      63
      48
      37
      28
      23
      18
      13
       9
      15
      10
       9
       4
       3
       7
       5
       6
       3
       4
       4
       7
       4
       1
       1
       7
       1
       1
       4
       4
       1
       2
       3
       6
       2
       3
       4
       2
       4
       2
       2
       0
       4
       3
       1
       1
       2
       3
       2
       4
       1
       1
       3
       2
       1
       4
       3
       2
       2
       1
       3
       5
       0
       4
       8
       1
       4
       4
       6
       1
       1
       1
       0
       2
       3
       4
       2
       0
       3
       1
       1
       2
       2
       5
       2
       2
       2
       0
       5
       0
       2
       2
       5
       1
       5
       6
       2
       0
       2
       1
       0
       2
       3
       2
       1
       1
       2
       0
       0
       0
       0
       0
       3
       4
       2
       0
       2
       0
       2
       0
       3
       0
       2
       1
       1
       2
       1
       0
       0
       0
       1
       0
       0
       2
       2
       1
       1
       2
       2
       0
       1
       0
       1
       1
       0
       0
       2
       1
       0
       0
       3
       1
       1
       3
       1
       4
       0
       1
       0
       5
       1
       2
       1
       0
       1
       0
       0
       0
       1
       2
       0
       0
       0
       0
       1
       1
       0
       1
       0
       0
       0
       1
       0
       0
       0
       1
       1
       2
       0
       0
       0
       2
       0
       0
       0
       0
       0
       2
       0
       0
       0
       0
       0
       0
       0
       1
       0
       0
       0
       0
       0
       0
       0
       1
       0
       0
       0
       0
       0
       0
       0
       0
       0
       1
       0
       0
       0
       0
       1
       0
       0
       0
       0
       0
       0
       0
       0
       0
       0
       0
       0
       0
       0
$ROI:
0
$PRESETS:
Live Time
300
0
$ENER_FIT:
0.000000 0.000000
$MCA_CAL:
3
0.000000E+000 0.000000E+000 0.000000E+000 
$SHAPE_CAL:
3
0.000000E+000 0.000000E+000 0.000000E+000
