$SPEC_ID:
No sample description was entered.
$SPEC_REM:
DET# 1
DETDESC# PHYD852-1 MCB 130
AP# Maestro Version 7.01
$DATE_MEA:
03/16/2020 13:23:07
$MEAS_TIM:
300 300
$DATA:
0 511
       0
       0
       0
       0
       0
       0
       0
       0
       0
       0
     667
     736
     822
     848
     926
    1213
    1466
    1511
    1351
    1208
    1112
    1009
     911
     958
     988
     996
     973
     942
     991
     979
     973
     952
     944
     973
     963
     938
     993
    1047
    1021
    1005
     944
     951
    1004
     955
     937
     978
     890
     963
     969
     912
     937
     883
     822
     845
     839
     868
     808
     851
     793
     763
     784
     770
     727
     738
     735
     718
     722
     702
     719
     677
     706
     718
     716
     675
     678
     647
     671
     688
     679
     665
     676
     606
     680
     645
     595
     593
     628
     606
     601
     568
     574
     577
     650
     603
     601
     585
     600
     592
     641
     630
     674
     656
     712
     707
     730
     766
     785
     869
     800
     824
     890
     869
     877
     862
     911
     937
     839
     865
     854
     826
     807
     748
     747
     684
     681
     720
     713
     757
     769
     720
     779
     738
     752
     749
     736
     690
     602
     514
     456
     424
     384
     351
     298
     252
     252
     238
     249
     207
     192
     240
     224
     195
     190
     227
     198
     189
     203
     210
     198
     225
     174
     229
     203
     203
     195
     207
     210
     206
     208
     199
     187
     210
     174
     199
     206
     200
     184
     208
     219
     196
     190
     175
     195
     166
     179
     171
     165
     172
     150
     174
     166
     156
     173
     153
     142
     148
     147
     158
     126
     154
     144
     163
     141
     123
     142
     136
     159
     138
     126
     139
     125
     117
     123
     152
     149
     154
     154
     146
     136
     164
     163
     171
     192
     218
     197
     226
     205
     212
     220
     197
     228
     178
     180
     170
     171
     151
     148
     133
     106
     114
     105
      93
      97
      82
      81
     101
      79
     100
     112
     108
     102
     125
     153
     130
     160
     161
     167
     195
     137
     147
     172
     144
     171
     139
     120
     113
     103
      86
      87
      76
      75
      43
      36
      32
      20
      22
      25
      18
      15
      13
       9
       5
       6
      12
       8
       5
       3
       6
       5
       6
       2
       1
       1
       2
       5
       2
       4
       2
       1
       3
       5
       0
       1
       2
       6
       2
       2
       4
       1
       3
       3
       4
       2
       2
       0
       0
       1
       5
       3
       3
       3
       0
       1
       2
       4
       1
       5
       0
       1
       3
       2
       1
       4
       4
       2
       5
       2
       3
       3
       4
       1
       8
       4
       0
       3
       2
       1
       3
       4
       3
       3
       0
       2
       4
       4
       0
       2
       4
       2
       1
       0
       0
       1
       2
       0
       2
       0
       4
       0
       0
       1
       0
       2
       0
       0
       2
       0
       0
       2
       0
       0
       2
       1
       2
       0
       0
       0
       1
       1
       2
       0
       1
       2
       0
       1
       2
       1
       1
       0
       1
       0
       0
       0
       1
       0
       0
       2
       1
       1
       1
       0
       1
       1
       1
       1
       1
       1
       1
       0
       1
       1
       1
       0
       0
       0
       0
       0
       1
       1
       2
       0
       0
       0
       0
       1
       0
       0
       1
       0
       0
       0
       0
       0
       0
       0
       1
       0
       1
       0
       1
       0
       0
       1
       1
       0
       1
       0
       0
       0
       0
       0
       0
       0
       0
       1
       1
       1
       0
       0
       0
       0
       0
       1
       0
       0
       0
       0
       0
       1
       1
       0
       0
       0
       1
       0
       0
       0
       0
       0
       0
       1
       0
       0
       0
       0
       0
       1
       1
       0
       0
       1
       0
       0
       0
       0
       0
       0
       0
       0
       0
       0
       0
$ROI:
0
$PRESETS:
Live Time
300
0
$ENER_FIT:
0.000000 0.000000
$MCA_CAL:
3
0.000000E+000 0.000000E+000 0.000000E+000 
$SHAPE_CAL:
3
0.000000E+000 0.000000E+000 0.000000E+000
