$SPEC_ID:
No sample description was entered.
$SPEC_REM:
DET# 1
DETDESC# PHYD852-1 MCB 130
AP# Maestro Version 7.01
$DATE_MEA:
03/16/2020 13:31:37
$MEAS_TIM:
600 601
$DATA:
0 511
       0
       0
       0
       0
       0
       0
       0
       0
       0
       3
    1344
    1581
    1510
    1615
    1903
    2240
    2724
    2788
    2482
    2284
    2100
    2057
    1931
    1909
    1951
    2032
    2047
    2086
    2055
    2045
    2033
    2070
    1981
    1969
    1838
    1979
    1935
    1990
    2080
    2003
    2046
    2064
    1983
    1955
    2012
    1915
    1828
    1866
    1824
    1778
    1795
    1615
    1705
    1633
    1589
    1584
    1542
    1521
    1540
    1464
    1479
    1461
    1432
    1442
    1407
    1410
    1377
    1427
    1400
    1375
    1398
    1438
    1361
    1360
    1453
    1552
    1534
    1548
    1549
    1563
    1607
    1632
    1567
    1635
    1647
    1567
    1554
    1557
    1422
    1423
    1502
    1393
    1419
    1346
    1315
    1372
    1328
    1322
    1331
    1353
    1329
    1384
    1353
    1359
    1388
    1323
    1340
    1288
    1316
    1185
    1250
    1243
    1171
    1111
    1121
    1033
    1058
    1056
    1016
     987
    1042
    1080
    1072
    1126
    1160
    1218
    1362
    1422
    1516
    1605
    1706
    1776
    1789
    1772
    1734
    1584
    1405
    1297
    1129
    1008
     829
     697
     647
     576
     486
     464
     462
     424
     478
     464
     425
     418
     425
     455
     434
     408
     422
     416
     423
     438
     425
     407
     431
     441
     426
     423
     411
     409
     404
     412
     417
     406
     401
     410
     372
     378
     401
     361
     368
     335
     416
     336
     373
     342
     336
     346
     331
     342
     354
     314
     320
     306
     340
     292
     315
     306
     288
     315
     285
     296
     279
     273
     276
     270
     267
     239
     280
     262
     267
     258
     237
     247
     268
     300
     256
     317
     279
     318
     316
     335
     372
     356
     393
     430
     398
     414
     434
     449
     422
     429
     425
     408
     366
     343
     356
     326
     320
     249
     246
     234
     200
     206
     185
     176
     169
     193
     185
     194
     201
     231
     231
     269
     282
     296
     298
     326
     321
     359
     327
     312
     308
     347
     308
     301
     258
     242
     241
     204
     192
     135
     115
     106
      73
      75
      42
      48
      34
      40
      22
      22
      21
      10
      14
      11
       8
      12
       5
       4
       8
       9
       8
       3
       8
      10
       2
       6
       6
       7
      10
       6
       5
       7
       5
       3
       4
       6
       9
       5
       2
       5
       3
       1
       2
       2
       4
       3
       2
       5
       5
       2
       0
       6
       3
       8
       4
       5
       6
       7
       1
       6
       4
       6
       5
       5
       2
       5
       5
      13
       4
       7
       6
       5
       4
       7
       6
       4
       6
       4
       6
       3
       8
       7
       5
       7
       4
       4
       1
       4
       3
       6
       3
       5
       3
       3
       1
       3
       5
       2
       3
       1
       5
       4
       2
       3
       2
       3
       2
       2
       2
       1
       4
       0
       4
       2
       3
       1
       1
       1
       1
       2
       2
       6
       6
       0
       1
       1
       0
       0
       1
       0
       0
       1
       2
       3
       1
       2
       1
       2
       3
       1
       1
       0
       2
       1
       1
       3
       2
       4
       0
       1
       3
       2
       2
       1
       1
       1
       1
       1
       1
       2
       4
       1
       1
       1
       0
       0
       1
       1
       1
       1
       0
       0
       0
       0
       1
       0
       1
       1
       2
       0
       0
       1
       0
       2
       1
       1
       0
       1
       0
       0
       0
       0
       0
       0
       0
       1
       1
       2
       3
       0
       0
       1
       0
       1
       0
       2
       0
       0
       1
       2
       2
       2
       1
       1
       0
       0
       1
       0
       1
       0
       3
       0
       0
       0
       2
       0
       0
       1
       1
       0
       0
       0
       0
       0
       0
       0
       0
       0
       0
       0
       0
       0
$ROI:
0
$PRESETS:
Live Time
600
0
$ENER_FIT:
0.000000 0.000000
$MCA_CAL:
3
0.000000E+000 0.000000E+000 0.000000E+000 
$SHAPE_CAL:
3
0.000000E+000 0.000000E+000 0.000000E+000
