$SPEC_ID:
No sample description was entered.
$SPEC_REM:
DET# 1
DETDESC# PHYD852-1 MCB 130
AP# Maestro Version 7.01
$DATE_MEA:
03/16/2020 14:14:09
$MEAS_TIM:
600 601
$DATA:
0 511
       0
       0
       0
       0
       0
       0
       0
       0
       0
       0
    1212
    1348
    1287
    1386
    1631
    1900
    2341
    2316
    2157
    1862
    1858
    1691
    1684
    1721
    1705
    1674
    1691
    1745
    1730
    1726
    1733
    1729
    1624
    1621
    1664
    1669
    1657
    1738
    1674
    1759
    1706
    1783
    1779
    1682
    1781
    1658
    1665
    1622
    1613
    1520
    1451
    1488
    1389
    1385
    1401
    1306
    1386
    1391
    1297
    1309
    1304
    1282
    1273
    1198
    1246
    1218
    1218
    1199
    1195
    1180
    1144
    1200
    1177
    1161
    1141
    1175
    1137
    1164
    1135
    1142
    1112
    1139
    1170
    1166
    1266
    1214
    1205
    1210
    1298
    1260
    1323
    1308
    1304
    1313
    1231
    1204
    1168
    1136
    1216
    1145
    1127
    1070
    1063
    1009
     955
     971
     949
     971
     921
     929
     945
     851
     916
     881
     922
     939
     926
     912
     913
     925
     969
    1053
    1004
    1078
    1089
    1188
    1247
    1332
    1471
    1534
    1627
    1622
    1724
    1636
    1658
    1562
    1497
    1280
    1203
    1000
     857
     766
     672
     604
     511
     469
     470
     455
     402
     453
     452
     413
     438
     423
     416
     419
     417
     453
     417
     430
     420
     391
     430
     432
     430
     422
     399
     395
     407
     395
     395
     381
     422
     369
     370
     402
     386
     413
     367
     360
     408
     357
     351
     367
     343
     344
     339
     349
     282
     312
     283
     305
     281
     306
     301
     299
     294
     312
     284
     290
     283
     258
     299
     278
     291
     297
     259
     254
     265
     270
     236
     257
     248
     266
     322
     290
     290
     305
     296
     351
     343
     375
     376
     380
     443
     414
     389
     433
     461
     438
     399
     417
     390
     363
     363
     339
     297
     246
     232
     213
     195
     241
     185
     194
     167
     196
     200
     216
     200
     218
     243
     230
     269
     292
     301
     324
     345
     300
     339
     351
     321
     320
     313
     271
     265
     222
     211
     203
     148
     124
     118
      91
      86
      73
      68
      42
      31
      20
      28
      17
      19
      16
      20
      12
       9
      13
      11
      13
       7
       4
       7
       7
       2
       3
       4
       9
       8
       5
       6
       3
       9
       2
       6
       5
       6
       3
       5
       3
       9
       4
       4
       5
       3
       3
       2
       6
       4
       4
       5
       3
       2
       6
       2
       3
       4
       6
       6
       2
       7
       5
       8
       2
       3
       6
       4
       4
       8
       6
       5
       7
       5
       2
       2
       5
       6
       4
       5
       5
       6
       4
       4
       4
       3
       5
       4
       5
       3
       4
       4
       6
       2
       4
       2
       5
       2
       1
       3
       1
       2
       3
       0
       0
       1
       3
       2
       1
       0
       0
       3
       0
       2
       2
       3
       3
       0
       4
       3
       5
       2
       0
       2
       0
       2
       1
       1
       0
       3
       3
       1
       2
       1
       2
       0
       2
       1
       7
       0
       4
       0
       0
       3
       1
       0
       2
       1
       1
       0
       0
       4
       3
       1
       1
       2
       2
       0
       2
       1
       0
       3
       0
       4
       3
       3
       1
       2
       1
       2
       2
       1
       0
       0
       1
       0
       0
       1
       0
       1
       0
       1
       2
       1
       3
       0
       0
       0
       0
       0
       0
       1
       0
       0
       1
       1
       0
       1
       2
       0
       0
       1
       1
       0
       1
       2
       0
       0
       1
       0
       0
       3
       0
       0
       1
       0
       0
       0
       1
       1
       1
       0
       2
       2
       1
       2
       0
       3
       1
       0
       2
       0
       0
       0
       2
       0
       0
       0
       0
       0
       0
       0
       0
       0
       0
$ROI:
0
$PRESETS:
Live Time
600
0
$ENER_FIT:
0.000000 0.000000
$MCA_CAL:
3
0.000000E+000 0.000000E+000 0.000000E+000 
$SHAPE_CAL:
3
0.000000E+000 0.000000E+000 0.000000E+000
