$SPEC_ID:
No sample description was entered.
$SPEC_REM:
DET# 1
DETDESC# PHYD852-1 MCB 130
AP# Maestro Version 7.01
$DATE_MEA:
03/16/2020 14:00:05
$MEAS_TIM:
600 601
$DATA:
0 511
       0
       0
       0
       0
       0
       0
       0
       0
       0
       0
    1293
    1421
    1436
    1460
    1787
    2125
    2515
    2523
    2395
    2228
    2044
    1865
    1837
    1787
    1880
    1863
    1935
    1972
    1945
    1899
    1921
    1924
    1900
    1886
    1920
    1893
    1899
    1866
    1893
    1975
    1933
    1952
    1942
    1840
    1804
    1771
    1745
    1747
    1690
    1600
    1585
    1590
    1529
    1536
    1502
    1416
    1435
    1493
    1457
    1515
    1532
    1660
    1698
    1638
    1754
    1646
    1645
    1665
    1588
    1561
    1626
    1526
    1542
    1399
    1293
    1329
    1293
    1240
    1242
    1212
    1220
    1185
    1167
    1169
    1262
    1263
    1255
    1286
    1244
    1265
    1291
    1340
    1291
    1275
    1293
    1224
    1178
    1178
    1107
    1121
    1065
    1032
    1016
    1015
    1055
     967
     950
     886
     977
     904
     879
     891
     930
     905
     931
     926
     898
     920
     932
     955
     973
     959
    1030
    1033
    1122
    1152
    1273
    1376
    1429
    1475
    1591
    1631
    1699
    1743
    1624
    1546
    1486
    1357
    1116
    1033
     956
     767
     687
     588
     486
     528
     484
     457
     449
     417
     418
     445
     427
     416
     430
     430
     411
     410
     416
     422
     394
     432
     474
     416
     389
     408
     403
     444
     406
     403
     424
     407
     381
     395
     360
     418
     372
     366
     385
     370
     366
     380
     375
     325
     375
     364
     357
     332
     357
     320
     326
     322
     307
     314
     303
     288
     322
     281
     312
     278
     300
     300
     258
     273
     262
     258
     282
     273
     268
     252
     244
     258
     260
     245
     281
     269
     281
     312
     308
     332
     370
     376
     370
     367
     403
     403
     426
     463
     412
     434
     439
     413
     417
     366
     339
     301
     277
     249
     250
     220
     207
     180
     185
     222
     170
     190
     201
     175
     221
     238
     243
     233
     303
     292
     297
     302
     329
     339
     336
     355
     305
     302
     296
     264
     280
     252
     187
     203
     179
     143
     116
      97
     100
      65
      53
      40
      39
      27
      26
      23
      17
       9
      19
      12
      11
       6
      12
       9
       3
       5
       5
       9
       7
       6
       8
       9
       9
       3
       7
       4
       4
       5
       1
       6
       5
       3
       6
       6
       4
       3
       2
       5
       2
       6
       6
       3
       2
       5
       7
       7
       4
       2
       1
       3
       2
       7
       3
       4
       4
       4
       6
       3
       4
       6
       2
       1
       8
       5
       8
       5
       4
       8
       6
      10
       3
       4
       3
       3
      10
       6
       5
       4
       6
       1
       5
       2
       8
       1
       1
       0
       4
       0
       3
       2
       1
       6
       4
       3
       3
       0
       3
       2
       1
       3
       5
       1
       0
       2
       1
       3
       0
       2
       9
       0
       2
       0
       1
       0
       4
       1
       0
       2
       2
       0
       1
       2
       1
       2
       2
       0
       1
       1
       3
       1
       3
       1
       3
       1
       3
       2
       1
       1
       0
       2
       2
       2
       2
       0
       1
       5
       0
       2
       0
       2
       2
       2
       4
       1
       3
       1
       1
       1
       3
       3
       0
       0
       3
       1
       0
       0
       1
       1
       0
       2
       0
       1
       1
       0
       0
       0
       2
       2
       0
       1
       0
       0
       0
       0
       0
       2
       0
       0
       0
       0
       0
       0
       1
       0
       1
       0
       0
       0
       1
       0
       2
       0
       1
       0
       0
       1
       0
       0
       2
       1
       2
       0
       0
       0
       0
       2
       0
       1
       1
       3
       0
       1
       0
       2
       2
       2
       0
       1
       0
       0
       0
       0
       0
       0
       0
       0
       0
       0
$ROI:
0
$PRESETS:
Live Time
600
0
$ENER_FIT:
0.000000 0.000000
$MCA_CAL:
3
0.000000E+000 0.000000E+000 0.000000E+000 
$SHAPE_CAL:
3
0.000000E+000 0.000000E+000 0.000000E+000
