$SPEC_ID:
No sample description was entered.
$SPEC_REM:
DET# 1
DETDESC# PHYD852-1 MCB 130
AP# Maestro Version 7.01
$DATE_MEA:
03/16/2020 12:26:57
$MEAS_TIM:
56 58
$DATA:
0 511
       0
       0
       0
       0
       0
       0
       0
       0
       1
      17
    2753
    2804
    2423
    2272
    2207
    2230
    2360
    2002
    1998
    1809
    1832
    1771
    1769
    1663
    1817
    1845
    1827
    1821
    1811
    1809
    1878
    1935
    1942
    1834
    1930
    1947
    2062
    2055
    2239
    2421
    2491
    2634
    2541
    2530
    2511
    2640
    2534
    2462
    2427
    2347
    2313
    2248
    2164
    2116
    2088
    1962
    2072
    1961
    1875
    1884
    1841
    1825
    1803
    1825
    1884
    1752
    1810
    1715
    1672
    1720
    1615
    1630
    1671
    1645
    1698
    1636
    1624
    1611
    1630
    1662
    1559
    1668
    1663
    1640
    1611
    1607
    1578
    1593
    1629
    1566
    1541
    1461
    1387
    1317
    1268
    1181
    1122
    1035
     935
     898
     850
     885
     842
     768
     778
     722
     751
     708
     691
     707
     679
     675
     711
     693
     709
     714
     743
     719
     770
     849
    1013
    1219
    1365
    1641
    1977
    2313
    2863
    3341
    3974
    4489
    4784
    5302
    5572
    5556
    5498
    5115
    4593
    4132
    3356
    2692
    2251
    1789
    1404
    1126
     850
     711
     653
     553
     561
     475
     494
     495
     469
     461
     522
     437
     484
     485
     459
     480
     489
     507
     520
     495
     507
     534
     552
     510
     509
     525
     533
     517
     531
     576
     486
     483
     529
     544
     533
     527
     505
     505
     524
     518
     486
     457
     446
     452
     439
     419
     404
     426
     400
     402
     351
     361
     322
     373
     370
     360
     386
     315
     353
     361
     349
     316
     328
     316
     324
     334
     367
     318
     358
     382
     359
     361
     386
     415
     429
     494
     547
     544
     600
     669
     672
     758
     785
     850
     877
     895
     857
     937
     863
     899
     813
     740
     654
     623
     590
     478
     466
     393
     381
     380
     328
     325
     307
     279
     333
     323
     380
     363
     457
     460
     516
     560
     545
     658
     661
     674
     645
     662
     662
     647
     607
     578
     508
     527
     428
     403
     395
     294
     228
     209
     179
     153
     117
     114
     101
      81
      63
      55
      50
      60
      36
      42
      49
      40
      33
      39
      34
      36
      38
      34
      30
      39
      38
      27
      26
      28
      22
      35
      34
      34
      48
      27
      20
      29
      28
      32
      30
      18
      27
      22
      26
      22
      35
      32
      28
      20
      27
      34
      26
      29
      18
      41
      29
      18
      17
      16
      15
      18
      27
      24
      20
      23
      25
      31
      22
      12
      20
      22
      23
      21
      28
      18
      19
      22
      12
      17
      21
      21
      12
      22
      17
      22
      24
      17
      18
      18
      13
      24
      23
      21
      18
      12
      23
      14
      18
      16
      21
      13
      15
      19
      13
      17
      26
      19
      13
      10
      12
      23
      14
      15
      17
       9
      16
      14
      14
      12
      25
      13
      18
      14
      12
      19
      11
      20
      19
      13
      17
      14
       7
      16
      16
      15
       7
       7
       5
      10
       9
      21
       7
      15
      21
      10
       9
      21
      14
       7
      13
      13
      20
      17
      12
      16
      14
      14
      20
      13
      15
      12
      15
      14
      11
      13
      13
       7
      12
       4
       9
      10
       3
       6
      11
       8
       5
       8
       9
      11
       3
       6
       5
       9
       8
       3
       5
       4
       6
       3
       4
       3
       3
       6
       8
       2
       2
       6
       6
       6
       3
       6
       8
       8
       7
       6
       7
      11
       8
      12
      11
       9
      13
      10
      16
       7
      12
      14
       7
      10
      10
      21
      18
      13
       9
      14
       4
      16
      16
       6
       5
       5
       1
       0
       0
       0
       0
       0
       0
       0
       0
       0
$ROI:
0
$PRESETS:
Live Time
600
0
$ENER_FIT:
0.000000 0.000000
$MCA_CAL:
3
0.000000E+000 0.000000E+000 0.000000E+000 
$SHAPE_CAL:
3
0.000000E+000 0.000000E+000 0.000000E+000
