# parameters
#\ t=1
#\ V=780
#\ d=3


# N(in counts)

#! N[f,0]/
112
119
125
111
122
123
122
127
112
107
107
125
109
116
136
102
136
111
115
110
120
101
121
116
125
131
114
129
125
122
106
130
129
128
100
120
102
113
129
126
138
122
119
107
108
123
112
104
117
110
103
130
125
120
111
121
117
111
106
122
129
112
123
100
119
115
121
113
120
117
126
108
102
118
119
127
126
123
112
113
131
117
112
133
118
115
120
118
120
114
98
121
114
115
113
120
98
138
105
118
107
127
120
105
114
122
125
110
126
133
122
113
126
129
98
118
121
102
107
112
137
124
108
114
132
116
105
136
127
113
98
140
113
121
127
86
113
105
131
106
129
108
112
93
120
117
114
130
126
102
109
119
119
116
129
105
101
124
112
116
106
109
117
116
123
109
114
120
128
121
124
130
124
128
125
119
131
123
124
129
111
114
123
116
91
139
115
113
115
96
111
104
118
117
111
125
99
118
119
113

